[ROAD] main tier1 0.0,-400.0;0.0,-413.6;0.2,-430.4;0.8,-450.1;-5.6,-472.2;-23.9,-496.5;-27.1,-522.5;-6.4,-549.9;9.3,-578.2;15.0,-607.3;22.8,-636.5;16.1,-665.7;-10.7,-694.3;-24.8,-722.1;-15.8,-748.7;-5.1,-773.6;-1.0,-796.6;-0.0,-817.3;0.0,-835.2;0.0,-850.0;13.1,-883.7;13.1,-880.6;-5.5,-907.8;-16.7,-920.8;-31.1,-935.3;-48.3,-950.8;-65.2,-970.1;-76.0,-999.1;-94.7,-1021.1;-122.6,-1034.0;-149.7,-1048.8;-182.3,-1058.7;-204.5,-1079.2;-213.8,-1109.1;-226.9,-1133.4;-239.8,-1155.7;-249.4,-1177.9;-255.0,-1200.0;-256.2,-1221.7;-252.5,-1243.0;-245.8,-1258.7;-237.0,-1272.0;-225.3,-1285.3;-211.1,-1298.7;-194.5,-1312.3;-175.7,-1325.9;-154.7,-1338.9;-128.3,-1345.9;-102.7,-1356.0;-85.5,-1383.4;-64.7,-1406.9;-40.3,-1425.4;-14.7,-1442.4;21.6,-1439.1;60.2,-1431.4;86.5,-1447.3;108.1,-1471.2;129.8,-1493.0;146.3,-1521.8;168.3,-1538.2;197.5,-1541.1;220.9,-1551.3;239.7,-1565.4;256.4,-1579.6;270.8,-1593.8;282.6,-1607.9;291.5,-1622.0;297.4,-1636.0;300.0,-1650.0;299.0,-1664.8;294.5,-1679.8;286.7,-1694.7;275.8,-1709.7;262.2,-1724.8;246.0,-1739.8;227.9,-1755.3;211.1,-1775.5;190.8,-1793.7;159.4,-1796.8;129.6,-1803.1;102.3,-1814.8;74.9,-1827.6;57.7,-1859.2;43.2,-1895.9;15.8,-1909.2;-16.3,-1913.5;-45.7,-1921.4;-74.4,-1929.2;-96.3,-1946.3;-115.9,-1964.4;-135.8,-1979.0;-153.7,-1993.4;-169.4,-2007.8;-182.5,-2022.0;-192.8,-2036.0;-200.0,-2050.0;-206.1,-2072.5;-207.3,-2095.6;-204.0,-2119.2;-196.9,-2143.2;-186.4,-2167.3;-171.9,-2190.6;-146.6,-2207.5;-121.7,-2224.2;-118.0,-2258.0;-112.2,-2291.4;-91.5,-2311.2;-68.1,-2326.7;-48.3,-2343.0;-32.3,-2359.8;-18.6,-2375.2;-7.7,-2388.6;0.0,-2400.0
[ROAD] branch tier1 -106.4,-2299.2;-102.8,-2315.6;-98.8,-2339.7;-91.8,-2366.7;-85.0,-2392.9;-80.9,-2414.5;-79.4,-2442.4;-83.6,-2456.6
[ROAD] main tier2 346.4,-200.0;358.2,-206.8;372.5,-215.6;388.7,-226.8;409.8,-234.6;434.3,-240.7;460.3,-247.8;481.7,-265.5;494.9,-299.3;518.2,-317.0;547.9,-324.0;580.6,-325.7;611.2,-329.9;627.5,-357.4;644.7,-380.6;667.2,-391.7;688.9,-400.0;707.7,-408.7;723.3,-417.6;736.1,-425.0;771.8,-430.5;769.2,-428.9;783.4,-458.6;789.1,-474.9;794.4,-494.5;800.0,-517.0;809.4,-541.1;818.5,-567.2;807.6,-598.8;806.6,-629.5;823.0,-656.7;842.3,-682.4;856.2,-708.4;858.7,-737.6;868.1,-763.2;880.9,-785.5;895.4,-804.9;911.7,-820.9;929.9,-832.8;950.3,-840.2;967.2,-842.2;983.1,-841.2;1000.4,-837.8;1019.2,-832.2;1039.2,-824.5;1060.4,-815.1;1082.4,-803.8;1103.4,-787.6;1126.0,-772.0;1159.6,-772.7;1187.7,-762.0;1207.6,-737.1;1225.5,-708.5;1246.1,-683.7;1281.7,-682.4;1314.1,-676.6;1341.3,-663.4;1359.1,-636.1;1375.2,-606.4;1403.7,-599.9;1430.7,-594.2;1453.8,-584.3;1475.6,-575.1;1496.2,-567.7;1515.6,-562.4;1533.8,-559.2;1550.4,-558.5;1565.5,-560.5;1578.9,-565.2;1591.3,-573.4;1602.0,-584.8;1611.0,-599.1;1618.6,-616.0;1624.8,-635.3;1629.8,-656.9;1634.1,-680.3;1639.1,-705.3;1635.2,-732.4;1628.3,-760.6;1626.0,-789.3;1639.2,-818.8;1658.3,-849.2;1651.1,-879.7;1638.4,-910.2;1622.7,-940.6;1628.9,-970.8;1647.7,-1000.2;1647.8,-1028.7;1643.9,-1056.2;1643.5,-1082.5;1646.0,-1107.1;1649.5,-1129.9;1654.1,-1150.6;1659.8,-1169.0;1666.9,-1185.0;1675.4,-1198.2;1691.7,-1214.8;1711.2,-1227.3;1733.3,-1236.3;1757.6,-1242.1;1783.7,-1245.0;1811.2,-1242.8;1839.1,-1238.6;1868.3,-1239.7;1899.4,-1248.1;1929.4,-1248.0;1953.9,-1226.2;1979.5,-1216.4;2004.8,-1212.9;2027.5,-1207.9;2047.6,-1203.7;2064.8,-1201.0;2078.5,-1200.0
[ROAD] branch tier2 1937.9,-1241.6;1951.5,-1234.5;1969.7,-1223.9;1993.5,-1214.6;2019.5,-1203.8;2042.3,-1184.2;2067.5,-1170.1;2093.3,-1161.2;2114.4,-1150.5;2131.3,-1142.6;2163.1,-1135.4;2170.7,-1146.0
[ROAD] main tier3 346.4,200.0;358.2,206.8;372.7,215.3;388.8,226.7;405.4,242.3;421.5,262.8;443.7,276.5;478.3,271.3;511.4,270.7;533.6,290.2;554.9,311.9;573.9,337.2;589.6,367.4;615.8,377.6;648.4,374.3;672.3,382.8;690.6,397.1;707.8,408.6;723.3,417.6;736.1,425.0;758.7,453.2;756.1,451.7;788.9,449.1;805.8,445.9;825.5,440.7;847.4,433.2;870.2,421.0;897.6,416.6;928.3,418.2;957.8,414.2;987.1,409.3;1011.9,387.2;1038.0,368.4;1067.4,369.7;1095.0,370.1;1120.8,370.1;1144.8,373.0;1166.7,379.1;1186.2,388.9;1202.7,402.9;1213.0,416.5;1220.0,430.8;1225.8,447.5;1230.3,466.6;1233.7,487.7;1236.1,510.8;1236.9,535.5;1233.8,561.8;1232.4,589.1;1236.8,617.6;1252.6,647.5;1260.1,678.0;1239.4,707.7;1222.1,737.6;1216.4,768.2;1213.7,798.7;1232.0,829.5;1251.3,859.3;1245.1,887.6;1234.2,915.3;1231.5,941.8;1232.8,966.9;1235.8,990.3;1239.8,1011.9;1244.8,1031.4;1251.2,1048.7;1258.9,1063.4;1268.1,1075.6;1278.9,1084.8;1292.3,1091.4;1307.4,1094.9;1324.2,1095.6;1342.5,1093.6;1362.2,1089.2;1383.2,1082.7;1405.3,1074.3;1428.0,1063.0;1446.8,1041.2;1466.6,1019.9;1500.1,1021.5;1534.1,1021.3;1562.0,1009.0;1589.1,994.7;1606.4,964.0;1621.7,930.2;1650.4,919.4;1681.8,914.6;1709.8,906.2;1734.8,894.5;1757.4,881.1;1780.0,870.9;1801.7,862.7;1822.3,856.5;1841.4,852.4;1859.2,850.8;1875.4,851.8;1897.6,857.8;1918.3,868.0;1937.7,882.1;1955.7,899.6;1972.4,919.8;1990.2,941.0;2013.9,960.5;2023.6,988.8;2018.9,1023.4;2025.5,1052.0;2033.9,1079.4;2050.0,1103.1;2076.6,1121.8;2086.7,1144.7;2087.2,1168.8;2092.7,1188.2;2099.6,1203.9;2106.2,1216.0
[ROAD] main tier4 0.0,400.0;0.0,413.6;-0.4,430.4;-5.1,450.1;-17.5,472.2;-23.6,496.5;-5.2,522.5;23.0,549.9;34.6,578.2;25.8,607.3;14.6,636.5;9.0,665.7;-3.0,694.3;-24.8,722.1;-33.1,748.7;-16.8,773.6;-2.7,796.6;-0.0,817.3;0.0,835.2;0.0,850.0;-13.1,883.7;-13.1,880.6;5.5,907.8;16.7,920.8;31.1,935.3;47.3,951.9;60.7,975.2;75.6,999.6;99.2,1016.1;124.7,1031.8;154.3,1044.0;188.9,1052.5;208.4,1075.8;215.1,1108.1;226.9,1133.3;239.8,1155.7;249.4,1177.9;255.0,1200.0;256.2,1221.7;252.5,1243.0;245.8,1258.7;237.0,1272.0;225.3,1285.3;211.1,1298.7;194.5,1312.3;175.7,1325.9;155.3,1340.0;134.3,1355.9;111.4,1371.2;81.8,1376.8;45.5,1371.1;13.4,1374.1;-6.3,1401.8;-20.8,1440.5;-41.6,1467.2;-67.3,1483.6;-90.9,1502.9;-115.1,1519.3;-147.8,1519.2;-181.8,1516.4;-203.8,1531.6;-221.2,1550.7;-239.7,1565.4;-256.4,1579.6;-270.8,1593.8;-282.6,1607.9;-291.5,1622.0;-297.4,1636.0;-300.0,1650.0;-299.0,1664.8;-294.5,1679.8;-286.7,1694.7;-275.8,1709.7;-262.2,1724.8;-246.0,1739.8;-227.8,1755.2;-209.9,1773.8;-194.6,1799.4;-175.7,1822.7;-142.9,1825.3;-101.9,1814.2;-67.5,1814.6;-45.1,1836.8;-25.5,1864.4;-2.6,1885.8;17.6,1911.1;33.8,1941.4;59.2,1953.9;91.0,1954.5;115.7,1964.5;135.8,1979.0;153.7,1993.4;169.4,2007.8;182.5,2022.0;192.8,2036.0;200.0,2050.0;206.1,2072.5;207.3,2095.6;204.0,2119.2;196.9,2143.2;186.3,2167.3;172.0,2190.7;155.2,2213.5;141.7,2239.6;137.1,2274.0;129.5,2306.7;101.1,2320.1;68.7,2327.1;48.1,2342.8;32.3,2359.8;18.6,2375.2;7.7,2388.6;0.0,2400.0
[ROAD] branch tier4 112.6,2317.7;99.3,2324.7;80.6,2333.6;55.4,2339.2;29.7,2349.5;9.2,2372.4;-14.6,2388.1;-39.3,2398.1;-60.2,2408.2;-76.0,2417.4;-98.7,2439.7;-92.8,2452.9
[ROAD] main tier5 -346.4,200.0;-358.2,206.8;-372.5,215.6;-388.1,227.9;-406.4,240.5;-431.4,245.7;-462.8,243.4;-479.8,268.7;-494.7,299.7;-517.7,317.8;-553.8,313.7;-585.5,317.3;-603.9,342.6;-618.1,373.6;-640.2,388.4;-670.4,386.2;-690.6,397.1;-707.8,408.6;-723.3,417.6;-736.1,425.0;-771.8,430.5;-769.2,428.9;-783.4,458.6;-789.1,474.9;-794.4,494.5;-799.2,517.2;-800.8,542.9;-817.0,567.5;-833.7,593.2;-827.6,624.7;-815.1,658.7;-825.1,687.5;-850.6,710.4;-858.4,737.7;-868.1,763.1;-880.9,785.5;-895.4,804.9;-911.7,820.9;-929.9,832.8;-950.3,840.2;-967.2,842.2;-983.1,841.2;-1000.4,837.8;-1019.2,832.2;-1039.2,824.5;-1060.4,815.1;-1082.5,804.0;-1106.2,792.7;-1137.0,790.9;-1159.0,771.7;-1172.7,737.9;-1196.1,719.0;-1232.9,720.0;-1265.6,714.2;-1283.0,684.3;-1298.6,651.8;-1328.8,643.1;-1365.3,646.4;-1390.8,633.7;-1408.6,609.0;-1429.2,591.2;-1453.7,584.0;-1475.6,575.1;-1496.2,567.7;-1515.6,562.4;-1533.8,559.2;-1550.4,558.5;-1565.5,560.5;-1578.9,565.2;-1591.3,573.4;-1602.0,584.8;-1611.0,599.1;-1618.6,616.0;-1624.8,635.3;-1629.8,656.9;-1634.0,680.3;-1634.7,705.7;-1629.3,732.8;-1626.0,760.6;-1646.5,789.0;-1659.2,818.7;-1642.6,849.1;-1623.9,879.4;-1631.5,910.2;-1653.6,940.9;-1654.2,970.8;-1635.5,1000.3;-1628.5,1029.2;-1640.3,1056.4;-1643.4,1082.5;-1646.0,1107.1;-1649.5,1129.9;-1654.1,1150.6;-1659.8,1169.0;-1666.9,1185.0;-1675.4,1198.2;-1691.7,1214.8;-1711.2,1227.3;-1733.3,1236.3;-1757.6,1242.1;-1783.7,1245.0;-1811.2,1243.5;-1838.9,1235.9;-1868.4,1240.2;-1900.7,1255.2;-1927.5,1238.6;-1952.7,1220.8;-1979.2,1214.9;-2004.8,1212.8;-2027.5,1207.9;-2047.6,1203.7;-2064.8,1201.0;-2078.5,1200.0
[ROAD] branch tier5 -1935.7,1231.1;-1950.6,1237.2;-1971.8,1247.0;-1997.3,1256.0;-2022.5,1266.0;-2044.3,1275.1;-2068.2,1283.2;-2092.3,1287.4;-2101.4,1288.3
[ROAD] main tier6 -346.4,-200.0;-358.2,-206.8;-372.8,-215.1;-390.3,-224.2;-408.7,-236.4;-423.6,-259.3;-443.4,-277.0;-475.5,-276.2;-505.6,-280.7;-532.9,-291.5;-555.7,-310.5;-570.6,-343.1;-593.7,-360.3;-622.2,-366.5;-648.9,-373.5;-673.1,-381.5;-691.1,-396.2;-707.8,-408.6;-723.3,-417.6;-736.1,-425.0;-758.7,-453.2;-756.1,-451.7;-788.9,-449.1;-805.8,-445.9;-825.5,-440.7;-847.7,-434.0;-873.1,-429.7;-902.1,-430.3;-926.7,-413.4;-950.7,-390.9;-978.5,-378.3;-1008.6,-373.9;-1040.2,-380.0;-1068.2,-375.3;-1095.0,-370.2;-1120.8,-370.1;-1144.8,-373.0;-1166.7,-379.1;-1186.2,-388.9;-1202.7,-402.9;-1213.0,-416.5;-1220.0,-430.8;-1225.8,-447.5;-1230.3,-466.6;-1233.7,-487.7;-1236.1,-510.8;-1237.8,-535.5;-1238.9,-561.7;-1231.4,-589.1;-1220.2,-617.3;-1232.8,-646.9;-1246.4,-677.4;-1248.4,-708.1;-1241.7,-738.5;-1219.8,-768.3;-1216.6,-798.8;-1226.4,-829.4;-1237.2,-859.1;-1246.8,-887.6;-1235.8,-915.2;-1229.5,-941.9;-1232.7,-966.9;-1235.8,-990.3;-1239.8,-1011.9;-1244.8,-1031.4;-1251.2,-1048.7;-1258.9,-1063.4;-1268.1,-1075.6;-1278.9,-1084.8;-1292.3,-1091.4;-1307.4,-1094.9;-1324.3,-1095.6;-1342.8,-1093.7;-1362.6,-1089.4;-1383.7,-1083.0;-1405.9,-1074.4;-1428.0,-1061.7;-1452.3,-1050.7;-1484.4,-1051.8;-1511.1,-1039.6;-1531.4,-1014.9;-1551.9,-990.0;-1573.0,-965.7;-1606.8,-962.6;-1640.4,-959.6;-1667.2,-946.0;-1690.1,-926.9;-1709.1,-902.2;-1734.2,-890.7;-1759.1,-881.9;-1781.7,-871.9;-1803.2,-863.6;-1823.5,-857.2;-1842.3,-852.9;-1859.7,-851.0;-1875.4,-851.8;-1897.9,-857.7;-1918.5,-868.3;-1937.3,-882.9;-1954.5,-901.1;-1970.1,-922.3;-1984.2,-945.8;-2000.1,-969.7;-2023.1,-991.9;-2029.6,-1021.3;-2021.6,-1054.9;-2029.9,-1081.8;-2043.3,-1106.1;-2052.8,-1129.8;-2059.8,-1151.9;-2066.3,-1171.4;-2072.4,-1187.6;-2078.5,-1200.0
[ROAD] branch tier6 -2022.5,-1064.6;-2024.7,-1079.3;-2026.8,-1099.8;-2029.7,-1124.3;-2038.1,-1150.7;-2043.9,-1178.6;-2042.7,-1207.3;-2047.3,-1233.4;-2051.7,-1256.2;-2054.9,-1274.5;-2063.5,-1307.4;-2070.0,-1313.0
[POINT] hub 허브 0,0
[POINT] facility portal 0.0,-250.0
[POINT] facility forge 159.7,-58.1
[POINT] facility market -74.0,-158.6
[POINT] facility community 125.0,-216.5
[POINT] camp tier1 0.0,-900.0
[POINT] ground tier1_1 -250.0,-1250.0
[POINT] ground tier1_2 300.0,-1650.0
[POINT] ground tier1_3 -200.0,-2050.0
[POINT] gate tier1 0.0,-2400.0
[POINT] camp tier2 779.4,-450.0
[POINT] ground tier2_1 957.5,-841.5
[POINT] ground tier2_2 1578.9,-565.2
[POINT] ground tier2_3 1675.4,-1198.2
[POINT] gate tier2 2078.5,-1200.0
[POINT] camp tier3 779.4,450.0
[POINT] ground tier3_1 1207.5,408.5
[POINT] ground tier3_2 1278.9,1084.8
[POINT] ground tier3_3 1875.4,851.8
[POINT] gate tier3 2199.7,1270.0
[POINT] camp tier4 0.0,900.0
[POINT] ground tier4_1 250.0,1250.0
[POINT] ground tier4_2 -300.0,1650.0
[POINT] ground tier4_3 200.0,2050.0
[POINT] gate tier4 0.0,2400.0
[POINT] camp tier5 -779.4,450.0
[POINT] ground tier5_1 -957.5,841.5
[POINT] ground tier5_2 -1578.9,565.2
[POINT] ground tier5_3 -1675.4,1198.2
[POINT] gate tier5 -2078.5,1200.0
[POINT] camp tier6 -779.4,-450.0
[POINT] ground tier6_1 -1207.5,-408.5
[POINT] ground tier6_2 -1278.9,-1084.8
[POINT] ground tier6_3 -1875.4,-851.8
[POINT] gate tier6 -2078.5,-1200.0
[ROADS] 끝
