## casual
HPH|목표|reach|level|maxHp|def|atk|critAvg|mobAtk|mobHit|mobHits|bossStage|bossAtk|bossBasicHit|bossHeavyHit|bossHeavyHits|regen|takeMob|H
HP|1|30|10|25.19|6.552|323.695|429.661|10.372|4.25816|5.916|1|0|0|0|0.000|1.0076|0.9612|1
HP|5|30|10|25.19|6.552|323.695|429.661|11.2269|4.81943|5.227|5|8.65946|0.335298|7.66395|3.287|1.0076|0.9612|1
HP|10|30|10|25.19|6.552|323.695|429.661|12.3954|5.61391|4.487|10|9.56074|0.393032|5.98906|4.206|1.0076|0.9612|1
HP|20|30|10|25.19|6.552|323.695|429.661|15.11|7.56173|3.331|20|11.6545|0.402148|10.6218|2.372|1.0076|0.9612|1
HP|30|30|10|25.19|6.552|323.695|429.661|18.419|10.0863|2.497|30|14.2068|1.08666|16.5587|1.521|1.0076|0.9612|1
HP|46|55|12|42.5066|18.9817|637.97|847.154|25.2853|9.74758|4.361|45|19.1204|0.645969|14.765|2.879|1.70026|1.0000|1
HP|60|90|28|70.8068|47.843|2086.26|2941.81|33.3634|8.24829|8.584|60|25.7336|0.40959|9.98618|7.090|2.83227|1.0000|1
HP|75|90|28|70.8068|47.843|2086.26|2941.81|44.9028|13.7637|5.144|75|34.634|0.924586|14.0889|5.026|2.83227|1.0000|1
HP|100|130|32|120.143|141.086|3219.04|4542.53|73.6678|14.5399|8.263|100|56.8208|0.713396|17.3933|6.907|4.80572|1.0000|1
HP|150|165|37|306.46|221.629|4595.73|6491.26|138.798|31.6131|9.694|150|152.938|3.93875|60.019|5.106|12.2584|1.0000|1
HP|200|200|43|602.887|440.234|6896.08|9751.27|373.588|106.674|5.652|200|411.646|9.911|261.776|2.303|24.1155|1.0000|1
HP|250|280|56|2334.79|2917.57|19732.8|29509.4|1005.54|140.421|16.627|250|1107.98|26.4754|403.434|5.787|93.3916|1.0000|1
HP|300|315|64|5790.85|4266.18|30232|45273.8|2706.51|622.618|9.301|300|2982.23|77.5557|1772.7|3.267|231.634|1.0000|1
HP|400|420|86|46249.1|34102.8|161059|254687|19607.7|4178.02|11.070|400|21605.2|390.982|10326.9|4.479|1849.96|1.0000|1
HP|500|500|101|181320|227310|470274|783084|151548|36213.4|5.007|500|156522|4024.53|91989.2|1.971|7252.79|1.0000|1
HP|600|605|114|1.47925e+06|1.85452e+06|1.10489e+06|1.87095e+06|1.24963e+06|301031|4.914|600|1.13395e+06|19965.4|486774|3.039|59170.1|1.0000|1
HP|700|725|433|1.75817e+07|1.29659e+07|3.75351e+08|8.30613e+08|8.2156e+06|1.88816e+06|9.312|700|7.5739e+06|171576|3.92173e+06|4.483|703269|1.0000|1
HP|800|820|567|1.0449e+08|7.70582e+07|4.34721e+09|9.99858e+09|5.40127e+07|1.34049e+07|7.795|800|5.05878e+07|940811|2.29379e+07|4.555|4.17962e+06|1.0000|1
HP|1000|1000|754|3.69069e+09|2.72176e+09|1.85807e+11|4.27355e+11|2.83485e+09|9.32929e+08|3.956|1000|2.6551e+09|6.58201e+07|1.60476e+09|2.300|1.47628e+08|1.0000|1
HP|1200|1235|979|3.87389e+11|2.85687e+11|1.23909e+13|2.84991e+13|1.48787e+11|2.93056e+10|13.219|1200|1.39353e+11|2.73337e+09|6.2477e+10|6.201|1.54956e+10|1.0000|1
HP|1400|1415|1136|1.36829e+13|1.00907e+13|1.98655e+14|4.56907e+14|7.80906e+12|2.08589e+12|6.560|1400|7.3139e+12|1.95434e+11|4.46705e+12|3.063|5.47317e+11|1.0000|1
HP|1700|1740|1436|8.53561e+15|6.29473e+15|2.26952e+16|5.21989e+16|2.96927e+15|5.39727e+14|15.815|1700|2.781e+15|3.7719e+13|9.19626e+14|9.282|3.41424e+14|1.0000|1
HP|2000|2000|1637|1.46987e+18|1.08398e+18|4.2651e+17|9.80973e+17|1.12902e+18|1.48621e+18|0.989|2000|1.05743e+18|2.62138e+16|6.92377e+17|2.123|5.87948e+16|4.0000|1
HP|2500|2500|2193|3.57575e+22|4.48289e+22|4.61349e+21|1.0611e+22|3.033e+22|7.32891e+21|4.879|2500|2.41633e+22|5.13657e+20|1.17407e+22|3.046|1.4303e+21|1.0000|1
HP|3000|3010|2749|8.6987e+26|6.415e+26|2.95915e+26|6.80605e+26|6.42356e+26|2.05848e+26|4.226|3000|4.95456e+26|1.38755e+25|3.17154e+26|2.743|3.47948e+25|1.0000|1
HP|4000|4005|3748|3.1378e+35|3.93384e+35|4.68692e+34|1.07799e+35|2.55828e+35|5.99819e+34|5.231|4000|1.97323e+35|2.96937e+33|7.8429e+34|4.001|1.25512e+34|1.0000|1
HP|5000|5015|4796|9.28527e+43|5.82044e+44|1.86315e+43|4.28524e+43|1.01887e+44|7.75987e+42|11.966|5000|7.85866e+43|4.93325e+41|1.1276e+43|8.235|3.71411e+42|1.0000|1
HP|6000|6015|5850|4.68995e+52|5.87976e+52|1.08532e+52|2.49623e+52|4.0578e+52|9.95351e+51|4.712|6000|3.12983e+52|4.94035e+50|1.2045e+52|3.894|1.87598e+51|1.0000|1
HP|7500|7515|7387|5.878e+65|2.88989e+65|8.54369e+64|1.96505e+65|3.22514e+65|1.11111e+65|5.290|7500|2.48759e+65|7.53431e+63|1.72213e+65|3.413|2.3512e+64|1.0000|1
HP|8500|8500|8381|1.42691e+74|1.0523e+74|1.89207e+73|4.35176e+73|1.28446e+74|4.87007e+73|2.930|8500|9.90717e+73|2.39664e+72|6.33017e+73|2.254|5.70765e+72|1.0387|1
HP|10000|10025|9854|2.03219e+87|1.21843e+87|2.62052e+86|7.0754e+86|1.02089e+87|2.88857e+86|7.035|10000|7.87422e+86|1.44692e+85|3.52773e+86|5.761|8.12874e+85|1.0000|1
HP|12500|12500|12378|6.1829e+108|2.47137e+108|6.45789e+107|1.48532e+108|3.23152e+108|1.54252e+108|4.008|12500|2.49251e+108|6.32085e+106|1.54108e+108|4.012|2.47316e+107|1.2525|1
HP|15000|15000|14889|1.88114e+130|7.51913e+129|3.10123e+129|8.37333e+129|1.02291e+130|5.36448e+129|3.507|15000|7.8898e+129|2.05491e+128|5.01006e+129|3.755|7.52457e+128|1.3430|1
HP|20000|20000|20006|2.53678e+173|1.01398e+173|5.51231e+172|1.26783e+173|1.16619e+173|4.09732e+172|6.191|20000|8.99494e+172|2.0873e+171|5.51313e+172|4.601|1.01471e+172|1.0000|1
HP|25300|25300|25452|1.04615e+219|1.0663e+219|2.92149e+219|6.71943e+219|5.27201e+218|9.00513e+217|11.617|25300|4.06636e+218|4.40935e+216|1.07504e+218|9.731|4.1846e+217|0.9044|1
## normal
HPH|목표|reach|level|maxHp|def|atk|critAvg|mobAtk|mobHit|mobHits|bossStage|bossAtk|bossBasicHit|bossHeavyHit|bossHeavyHits|regen|takeMob|H
HP|1|25|2|10|3|98.6707|130.765|17.1991|4.25185|2.352|1|0|0|0|0.000|0.4|0.3388|1
HP|5|25|2|10|3|98.6707|130.765|18.6168|4.69905|2.128|5|8.65946|0.177475|4.05657|2.465|0.4|0.3388|1
HP|10|25|2|10|3|98.6707|130.765|20.5545|5.31589|1.881|10|9.56074|0.204101|3.11012|3.215|0.4|0.3388|1
HP|20|25|2|10|3|98.6707|130.765|25.0558|6.76769|1.478|20|11.6545|0.201041|5.31003|1.883|0.4|0.3388|1
HP|30|65|4|42.5066|18.9817|225.285|298.68|30.5429|13.1672|3.228|30|14.2068|0.58315|8.88609|4.783|1.70026|1.0000|1
HP|46|65|4|42.5066|18.9817|225.285|298.68|41.9288|21.3784|1.988|45|19.1204|0.645969|14.765|2.879|1.70026|1.0000|1
HP|60|65|4|42.5066|18.9817|225.285|298.68|55.3242|32.0066|1.328|60|25.7336|0.789683|19.2532|2.208|1.70026|1.0000|1
HP|75|105|11|78.4783|53.5005|1165.59|1822.17|74.4591|29.4808|2.662|75|34.634|0.849658|12.9472|6.061|3.13913|1.0000|1
HP|100|105|11|78.4783|53.5005|1165.59|1822.17|122.158|63.2959|1.240|100|56.8208|1.4919|36.3739|2.158|3.13913|1.0000|1
HP|150|180|34|364.297|264.282|4129.05|6481.65|230.159|66.9424|5.442|150|152.938|3.43921|52.407|6.951|14.5719|1.0000|1
HP|200|215|39|691.04|505.245|5335.37|8382.79|619.494|226.774|3.047|200|411.646|8.98937|237.433|2.910|27.6416|1.0000|1
HP|250|255|45|1574.52|1156.78|8316.18|13080.2|1667.42|674.227|2.335|250|1107.98|54.2474|826.627|1.905|62.9806|1.0000|1
HP|300|330|59|6918.65|5097.9|31547.7|52380.2|4488.01|1315.4|5.260|300|2982.23|67.6356|1545.96|4.475|276.746|1.0000|1
HP|400|410|1|37942.2|18652.1|21858.8|37763|32514.1|14658.5|2.588|400|21605.2|600.54|15861.9|2.392|1517.69|1.0000|1
HP|500|515|98|253887|187229|246848|433186|251302|322445|0.787|500|156522|4642.69|106119|2.392|10155.5|3.3129|1
HP|600|625|111|2.67945e+06|1.31734e+06|801325|1.49408e+06|2.07218e+06|2.35081e+06|1.140|600|1.13395e+06|25758.4|628014|4.267|107178|2.6658|1
HP|700|705|122|2.01959e+07|9.92918e+06|2.55027e+06|4.82011e+06|1.36233e+07|6.35442e+06|3.178|700|7.5739e+06|210182|4.80416e+06|4.204|807834|1.1883|1
HP|800|815|507|8.40378e+07|6.19751e+07|1.84e+09|4.4022e+09|8.95654e+07|3.6272e+07|2.317|800|5.05878e+07|1.1062e+06|2.69702e+07|3.116|3.36151e+06|1.0000|1
HP|1000|1020|727|6.05496e+09|2.97689e+09|1.252e+11|2.99542e+11|4.70083e+09|2.00491e+09|3.020|1000|2.6551e+09|6.18476e+07|1.5079e+09|4.015|2.42199e+08|1.0000|1
HP|1200|1220|915|2.71234e+11|2.00026e+11|3.31374e+12|7.92813e+12|2.46723e+11|9.06574e+10|2.992|1200|1.39353e+11|3.61474e+09|8.26227e+10|3.283|1.08494e+10|1.0000|1
HP|1400|1410|1073|1.12248e+13|8.27788e+12|7.98165e+13|1.90961e+14|1.29492e+13|5.49306e+12|2.043|1400|7.3139e+12|2.25657e+11|5.15786e+12|2.176|4.4899e+11|1.0000|1
HP|1700|1730|1349|5.20272e+15|6.52261e+15|4.184e+15|1.00102e+16|4.92373e+15|1.29134e+15|4.029|1700|2.781e+15|3.66216e+13|8.92869e+14|5.827|2.08109e+14|1.0000|1
HP|2000|2005|1613|2.5089e+18|1.23349e+18|3.28101e+17|7.84982e+17|1.87217e+18|3.12161e+18|0.804|2000|1.05743e+18|2.39503e+16|6.32593e+17|3.966|1.00356e+17|4.0000|1
HP|2500|2500|2195|3.57575e+22|4.48289e+22|5.37347e+21|1.2856e+22|5.02941e+22|1.7387e+22|2.057|2500|2.41633e+22|5.13657e+20|1.17407e+22|3.046|1.4303e+21|1.0000|1
HP|3000|3000|2695|1.21803e+27|8.98255e+26|8.348e+25|1.99726e+26|1.06517e+27|3.81697e+26|3.191|3000|4.95456e+26|1.07272e+25|2.45193e+26|4.968|4.87211e+25|1.0000|1
HP|4000|4000|3714|3.97949e+35|1.95649e+35|4.11596e+34|9.84743e+34|4.24221e+35|5.54151e+35|0.718|4000|1.97323e+35|5.00398e+33|1.32169e+35|3.011|1.5918e+34|2.5855|1
HP|5000|5000|4769|9.28527e+43|5.82044e+44|1.68291e+43|4.04435e+43|1.68952e+44|2.03189e+43|4.570|5000|7.85866e+43|4.93325e+41|1.1276e+43|8.235|3.71411e+42|1.0000|1
HP|6000|6000|5808|7.69436e+52|5.67433e+52|6.70997e+51|1.61253e+52|6.72876e+52|2.4112e+52|3.191|6000|3.12983e+52|5.08233e+50|1.23912e+52|6.210|3.07774e+51|1.0000|1
HP|7500|7500|7341|4.36744e+65|2.14723e+65|5.36861e+64|1.29017e+65|5.34802e+65|1.15475e+66|0.378|7500|2.48759e+65|9.2203e+63|2.1075e+65|2.072|1.74698e+64|4.0000|1
HP|8500|8500|8385|1.99802e+74|1.47347e+74|2.0036e+73|4.815e+73|2.12993e+74|1.25671e+74|1.590|8500|9.90717e+73|1.87634e+72|4.95593e+73|4.032|7.99209e+72|1.4567|1
HP|10000|10000|9824|1.70044e+87|1.01953e+87|1.01148e+86|2.32639e+86|1.69286e+87|1.51458e+87|1.123|10000|7.87422e+86|1.65391e+85|4.03239e+86|4.217|6.80177e+85|2.0388|1
HP|12500|12500|12401|5.07213e+108|5.16984e+108|7.94823e+107|1.82809e+108|5.3586e+108|1.75775e+108|2.886|12500|2.49251e+108|3.6321e+106|8.85541e+107|5.728|2.02885e+107|1.0000|1
HP|15000|15000|14932|1.01816e+130|6.10455e+129|3.64943e+129|8.39368e+129|1.69622e+130|3.8459e+130|0.265|15000|7.8898e+129|2.35091e+128|5.73174e+129|1.776|4.07264e+128|4.0000|1
HP|20000|20000|19989|2.53678e+173|1.01398e+173|5.88196e+172|1.35285e+173|1.93381e+173|2.41512e+173|1.050|20000|8.99494e+172|2.0873e+171|5.51313e+172|4.601|1.01471e+172|2.6394|1
HP|25300|25300|25409|8.58207e+218|8.74739e+218|3.06828e+219|7.05705e+219|8.74219e+218|2.53031e+218|3.392|25300|4.06636e+218|5.20154e+216|1.26819e+218|6.767|3.43283e+217|0.9044|1
## top
HPH|목표|reach|level|maxHp|def|atk|critAvg|mobAtk|mobHit|mobHits|bossStage|bossAtk|bossBasicHit|bossHeavyHit|bossHeavyHits|regen|takeMob|H
HP|1|30|2|10|3|109.534|145.161|22.3691|16.7359|0.598|1|0|0|0|0.000|0.4|0.9612|1
HP|5|30|2|10|3|109.534|145.161|24.2131|18.4265|0.543|5|8.65946|0.503558|11.5099|0.869|0.4|0.9612|1
HP|10|30|2|10|3|109.534|145.161|26.7332|21.4395|0.466|10|9.56074|0.579107|8.82449|1.133|0.4|0.9931|1
HP|20|30|2|10|3|109.534|145.161|32.5876|40.2253|0.249|20|11.6545|0.570423|15.0664|0.664|0.4|1.4757|1
HP|30|30|2|10|3|109.534|145.161|39.7241|75.0677|0.133|30|14.2068|1.48497|22.6281|0.442|0.4|2.1928|1
HP|46|75|5|42.5066|18.9817|389.231|516.14|54.5327|31.3569|1.356|45|19.1204|0.645969|14.765|2.879|1.70026|1.0000|1
HP|60|75|5|42.5066|18.9817|389.231|516.14|71.9548|46.1206|0.922|60|25.7336|0.789683|19.2532|2.208|1.70026|1.0000|1
HP|75|75|5|42.5066|18.9817|389.231|516.14|96.8417|68.3816|0.622|75|34.634|1.68069|25.6105|1.660|1.70026|1.0000|1
HP|100|120|19|102.163|48.3113|1097.63|1459.55|158.879|96.544|1.058|100|56.8208|1.59502|38.8882|2.627|4.08651|1.0000|1
HP|150|165|28|248.432|120.224|2672.37|4190.49|299.346|161.565|1.538|150|152.938|6.01631|91.6771|2.710|9.93726|1.0000|1
HP|200|210|32|591.261|288.774|5280.7|8286.5|805.715|457.526|1.292|200|411.646|13.0212|343.926|1.719|23.6505|1.0000|1
HP|250|255|37|1427.03|699.675|6403.02|10056.7|2168.65|1286.99|1.109|250|1107.98|74.5479|1135.97|1.256|57.0812|1.0000|1
HP|300|340|43|7056.82|5199.79|16178.5|26789.2|5837.12|2018.7|3.496|300|2982.23|66.592|1522.1|4.636|282.273|1.0000|1
HP|400|430|65|41890.2|30888.2|42037.2|69867.3|42287.9|16577.2|2.527|400|21605.2|421.59|11135.3|3.762|1675.61|1.0000|1
HP|500|515|82|225446|166255|168256|294509|326844|628520|0.359|500|156522|5048.49|115394|1.954|9017.84|4.0000|1
HP|600|600|101|1.2135e+06|894915|687704|1.26627e+06|2.69508e+06|6.32249e+06|0.192|600|1.13395e+06|33373|813666|1.491|48540.2|4.0000|1
HP|700|700|61|1.11496e+07|8.22242e+06|2.41579e+06|4.61794e+06|1.77185e+07|2.61593e+07|0.426|700|7.5739e+06|240610|5.49966e+06|2.027|445982|2.9312|1
HP|800|835|507|1.20027e+08|5.90104e+07|1.52108e+09|3.63919e+09|1.16489e+08|6.1693e+07|1.946|800|5.05878e+07|1.14579e+06|2.79355e+07|4.297|4.80107e+06|1.0993|1
HP|1000|1030|691|6.05496e+09|2.97689e+09|6.74615e+10|1.61402e+11|6.11391e+09|3.00604e+09|2.014|1000|2.6551e+09|6.18476e+07|1.5079e+09|4.015|2.42199e+08|1.0000|1
HP|1200|1235|889|3.5087e+11|1.72504e+11|2.43398e+12|5.8233e+12|3.20888e+11|1.49844e+11|2.342|1200|1.39353e+11|4.03253e+09|9.21721e+10|3.807|1.40348e+10|1.0000|1
HP|1400|1435|1030|1.2393e+13|1.55371e+13|3.18424e+13|7.61829e+13|1.68418e+13|5.69196e+12|2.177|1400|7.3139e+12|1.39358e+11|3.18532e+12|3.891|4.95721e+11|1.0000|1
HP|1700|1725|1307|5.41291e+15|2.66123e+15|2.54631e+15|6.09205e+15|6.40382e+15|1.36078e+16|0.398|1700|2.781e+15|7.22328e+13|1.7611e+15|3.074|2.16516e+14|4.0000|1
HP|2000|2000|1590|1.79176e+18|8.80911e+17|2.99553e+17|7.1668e+17|2.43495e+18|5.50837e+18|0.325|2000|1.05743e+18|3.00743e+16|7.94343e+17|2.256|7.16706e+16|4.0000|1
HP|2500|2500|2184|7.89539e+22|5.82259e+22|7.33974e+21|1.75603e+22|6.54126e+22|2.26336e+22|3.488|2500|2.41633e+22|4.14794e+20|9.481e+21|8.328|3.15816e+21|1.0000|1
HP|3000|3000|2712|1.21803e+27|8.98255e+26|1.31784e+26|3.15294e+26|1.38537e+27|6.50649e+26|1.872|3000|4.95456e+26|1.07272e+25|2.45193e+26|4.968|4.87211e+25|1.1163|1
HP|4000|4000|3714|3.97949e+35|1.95649e+35|3.73264e+34|8.93035e+34|5.51742e+35|1.259e+36|0.316|4000|1.97323e+35|5.00398e+33|1.32169e+35|3.011|1.5918e+34|4.0000|1
HP|5000|5000|4770|9.28527e+43|5.82044e+44|1.63426e+43|3.94427e+43|2.19739e+44|3.31715e+43|2.799|5000|7.85866e+43|4.93325e+41|1.1276e+43|8.235|3.71411e+42|1.0000|1
HP|6000|6000|5805|7.39558e+52|3.636e+52|7.56516e+51|1.82585e+52|8.75145e+52|1.42378e+53|0.519|6000|3.12983e+52|7.10963e+50|1.7334e+52|4.267|2.95823e+51|3.0622|1
HP|7500|7500|7272|3.52456e+65|2.39313e+65|3.94315e+64|9.06925e+64|6.95565e+65|1.60772e+66|0.219|7500|2.48759e+65|8.58425e+63|1.96211e+65|1.796|1.40982e+64|4.0000|1
HP|8500|8500|8296|2.98663e+74|1.79616e+74|1.11864e+73|2.57287e+73|2.77019e+74|1.93282e+74|1.545|8500|9.90717e+73|1.60876e+72|4.24918e+73|7.029|1.19465e+73|1.6583|1
HP|10000|10000|9894|2.38103e+87|9.51723e+86|2.49091e+86|5.7291e+86|2.20174e+87|4.54355e+87|0.524|10000|7.87422e+86|1.7387e+85|4.23913e+86|5.617|9.52412e+85|3.9577|1
HP|12500|12500|12406|7.99824e+108|3.19699e+108|8.96683e+107|2.06237e+108|6.96942e+108|1.08945e+109|0.734|12500|2.49251e+108|4.67259e+106|1.13922e+108|7.021|3.1993e+107|3.0858|1
HP|15000|15000|14855|1.14661e+130|6.87471e+129|3.4008e+129|9.18215e+129|2.2061e+130|3.96787e+130|0.289|15000|7.8898e+129|1.62879e+128|3.97115e+129|2.887|4.58645e+128|2.9887|1
HP|20000|20010|19987|2.53678e+173|1.01398e+173|8.28949e+172|1.90658e+173|2.51511e+173|4.00946e+173|0.633|20000|8.99494e+172|1.54398e+171|4.07807e+172|6.221|1.01471e+172|2.9588|1
HP|25300|25300|25371|1.17813e+219|4.70913e+218|3.41977e+219|7.86548e+219|1.13701e+219|1.79001e+219|0.658|25300|4.06636e+218|6.84795e+216|1.66959e+218|7.056|4.71254e+217|2.9588|1
